partiesfile version 1
240 240
 1 0 0 p_main_party Main_Party 1048576 0 0 13 0 0 0 0 0 17.000000 52.500000 17.000000 52.500000 17.000000 52.500000 0.0 1 0 1 0 0 
0.000000
 1 1 1 p_temp_party {!}temp_party 256 0 0 1 0 0 0 0 0 0.000000 0.000000 0.000000 0.000000 0.000000 0.000000 0.0 0 
0.000000
 1 2 2 p_camp_bandits {!}camp_bandits 256 0 0 2 0 0 0 0 0 1.000000 1.000000 1.000000 1.000000 1.000000 1.000000 0.0 1 3 3 0 0 
0.000000
 1 3 3 p_temp_party_2 {!}temp_party_2 256 0 0 1 0 0 0 0 0 0.000000 0.000000 0.000000 0.000000 0.000000 0.000000 0.0 0 
0.000000
 1 4 4 p_temp_casualties {!}casualties 256 0 0 3 0 0 0 0 0 1.000000 1.000000 1.000000 1.000000 1.000000 1.000000 0.0 0 
0.000000
 1 5 5 p_temp_casualties_2 {!}casualties 256 0 0 3 0 0 0 0 0 1.000000 1.000000 1.000000 1.000000 1.000000 1.000000 0.0 0 
0.000000
 1 6 6 p_temp_casualties_3 {!}casualties 256 0 0 3 0 0 0 0 0 1.000000 1.000000 1.000000 1.000000 1.000000 1.000000 0.0 0 
0.000000
 1 7 7 p_temp_wounded {!}enemies_wounded 256 0 0 3 0 0 0 0 0 1.000000 1.000000 1.000000 1.000000 1.000000 1.000000 0.0 0 
0.000000
 1 8 8 p_temp_killed {!}enemies_killed 256 0 0 3 0 0 0 0 0 1.000000 1.000000 1.000000 1.000000 1.000000 1.000000 0.0 0 
0.000000
 1 9 9 p_main_party_backup {!}_ 256 0 0 3 0 0 0 0 0 1.000000 1.000000 1.000000 1.000000 1.000000 1.000000 0.0 0 
0.000000
 1 10 10 p_encountered_party_backup {!}_ 256 0 0 3 0 0 0 0 0 1.000000 1.000000 1.000000 1.000000 1.000000 1.000000 0.0 0 
0.000000
 1 11 11 p_collective_friends_backup {!}_ 256 0 0 3 0 0 0 0 0 1.000000 1.000000 1.000000 1.000000 1.000000 1.000000 0.0 0 
0.000000
 1 12 12 p_player_casualties {!}_ 256 0 0 3 0 0 0 0 0 1.000000 1.000000 1.000000 1.000000 1.000000 1.000000 0.0 0 
0.000000
 1 13 13 p_enemy_casualties {!}_ 256 0 0 3 0 0 0 0 0 1.000000 1.000000 1.000000 1.000000 1.000000 1.000000 0.0 0 
0.000000
 1 14 14 p_ally_casualties {!}_ 256 0 0 3 0 0 0 0 0 1.000000 1.000000 1.000000 1.000000 1.000000 1.000000 0.0 0 
0.000000
 1 15 15 p_collective_enemy {!}collective_enemy 256 0 0 3 0 0 0 0 0 1.000000 1.000000 1.000000 1.000000 1.000000 1.000000 0.0 0 
0.000000
 1 16 16 p_collective_ally {!}collective_ally 256 0 0 3 0 0 0 0 0 1.000000 1.000000 1.000000 1.000000 1.000000 1.000000 0.0 0 
0.000000
 1 17 17 p_collective_friends {!}collective_ally 256 0 0 3 0 0 0 0 0 1.000000 1.000000 1.000000 1.000000 1.000000 1.000000 0.0 0 
0.000000
 1 18 18 p_total_enemy_casualties {!}_ 256 0 0 3 0 0 0 0 0 1.000000 1.000000 1.000000 1.000000 1.000000 1.000000 0.0 0 
0.000000
 1 19 19 p_routed_enemies {!}routed_enemies 256 0 0 3 0 0 0 0 0 1.000000 1.000000 1.000000 1.000000 1.000000 1.000000 0.0 0 
0.000000
 1 20 20 p_zendar Zendar 2114828 0 0 3 0 0 0 0 0 18.000000 60.000000 18.000000 60.000000 18.000000 60.000000 0.0 0 
0.000000
 1 21 21 p_town_1 _________ 4215842 0 0 3 0 0 0 0 0 88.000000 -116.000000 88.000000 -116.000000 88.000000 -116.000000 0.0 0 
2.967060
 1 22 22 p_town_2 _________ 4215842 0 0 3 0 0 0 0 0 190.000000 -150.000000 190.000000 -150.000000 190.000000 -150.000000 0.0 0 
2.094395
 1 23 23 p_town_3 _________ 4215842 0 0 3 0 0 0 0 0 188.000000 -188.000000 188.000000 -188.000000 188.000000 -188.000000 0.0 0 
1.396263
 1 24 24 p_town_4 _________ 4215842 0 0 3 0 0 0 0 0 225.000000 -135.000000 225.000000 -135.000000 225.000000 -135.000000 0.0 0 
5.061455
 1 25 25 p_town_5 _________ 4215820 0 0 3 0 0 0 0 0 -28.000000 24.000000 -28.000000 24.000000 -28.000000 24.000000 0.0 0 
1.570796
 1 26 26 p_town_6 _________ 4215820 0 0 3 0 0 0 0 0 -76.000000 42.000000 -76.000000 42.000000 -76.000000 42.000000 0.0 0 
2.705260
 1 27 27 p_town_7 _________ 4215820 0 0 3 0 0 0 0 0 -12.000000 64.000000 -12.000000 64.000000 -12.000000 64.000000 0.0 0 
4.188790
 1 28 28 p_town_8 _________ 4215820 0 0 3 0 0 0 0 0 -84.000000 76.000000 -84.000000 76.000000 -84.000000 76.000000 0.0 0 
3.054326
 1 29 29 p_town_9 _________ 4215820 0 0 3 0 0 0 0 0 -96.000000 8.000000 -96.000000 8.000000 -96.000000 8.000000 0.0 0 
1.570796
 1 30 30 p_town_10 _________ 4215820 0 0 3 0 0 0 0 0 -4.000000 -22.000000 -4.000000 -22.000000 -4.000000 -22.000000 0.0 0 
5.410521
 1 31 31 p_town_11 _________ 4215820 0 0 3 0 0 0 0 0 36.000000 92.000000 36.000000 92.000000 36.000000 92.000000 0.0 0 
2.617994
 1 32 32 p_town_12 _________ 4215822 0 0 3 0 0 0 0 0 150.000000 72.000000 150.000000 72.000000 150.000000 72.000000 0.0 0 
0.436332
 1 33 33 p_town_13 _________ 4215822 0 0 3 0 0 0 0 0 112.000000 118.000000 112.000000 118.000000 112.000000 118.000000 0.0 0 
1.047198
 1 34 34 p_town_14 _________ 4215822 0 0 3 0 0 0 0 0 156.000000 24.000000 156.000000 24.000000 156.000000 24.000000 0.0 0 
2.356194
 1 35 35 p_town_15 _________ 4215821 0 0 3 0 0 0 0 0 78.000000 64.000000 78.000000 64.000000 78.000000 64.000000 0.0 0 
0.785398
 1 36 36 p_town_16 _________ 4215820 0 0 3 0 0 0 0 0 148.000000 260.000000 148.000000 260.000000 148.000000 260.000000 0.0 0 
0.000000
 1 37 37 p_town_17 _________ 4215821 0 0 3 0 0 0 0 0 182.000000 260.000000 182.000000 260.000000 182.000000 260.000000 0.0 0 
1.570796
 1 38 38 p_town_18 _________ 4215822 0 0 3 0 0 0 0 0 197.000000 238.000000 197.000000 238.000000 197.000000 238.000000 0.0 0 
2.356194
 1 39 39 p_town_19 _________ 4215821 0 0 3 0 0 0 0 0 167.000000 249.000000 167.000000 249.000000 167.000000 249.000000 0.0 0 
0.785398
 1 40 40 p_town_20 _________ 4215820 0 0 3 0 0 0 0 0 -122.000000 34.000000 -122.000000 34.000000 -122.000000 34.000000 0.0 0 
4.712389
 1 41 41 p_town_21 _________ 4215820 0 0 3 0 0 0 0 0 -190.000000 70.000000 -190.000000 70.000000 -190.000000 70.000000 0.0 0 
5.759586
 1 42 42 p_town_22 _________ 4215821 0 0 3 0 0 0 0 0 -225.000000 72.000000 -225.000000 72.000000 -225.000000 72.000000 0.0 0 
3.926991
 1 43 43 p_castle_1 _________ 4215843 0 0 3 0 0 0 0 0 58.000000 -94.000000 58.000000 -94.000000 58.000000 -94.000000 0.0 0 
0.872665
 1 44 44 p_castle_2 _________ 4215843 0 0 3 0 0 0 0 0 135.000000 -150.000000 135.000000 -150.000000 135.000000 -150.000000 0.0 0 
1.308997
 1 45 45 p_castle_3 _________ 4215843 0 0 3 0 0 0 0 0 220.000000 -170.000000 220.000000 -170.000000 220.000000 -170.000000 0.0 0 
1.745329
 1 46 46 p_castle_4 _________ 4215843 0 0 3 0 0 0 0 0 225.000000 -115.000000 225.000000 -115.000000 225.000000 -115.000000 0.0 0 
3.141593
 1 47 47 p_castle_5 _________ 4215843 0 0 3 0 0 0 0 0 170.000000 -110.000000 170.000000 -110.000000 170.000000 -110.000000 0.0 0 
1.570796
 1 48 48 p_castle_6 _________ 4215843 0 0 3 0 0 0 0 0 225.000000 -190.000000 225.000000 -190.000000 225.000000 -190.000000 0.0 0 
0.959931
 1 49 49 p_castle_7 _________ 4215843 0 0 3 0 0 0 0 0 80.000000 -150.000000 80.000000 -150.000000 80.000000 -150.000000 0.0 0 
0.785398
 1 50 50 p_castle_8 _________ 4215843 0 0 3 0 0 0 0 0 230.000000 -145.000000 230.000000 -145.000000 230.000000 -145.000000 0.0 0 
0.523599
 1 51 51 p_castle_9 _________ 4215843 0 0 3 0 0 0 0 0 220.000000 -210.000000 220.000000 -210.000000 220.000000 -210.000000 0.0 0 
1.745329
 1 52 52 p_castle_10 _________ 4215838 0 0 3 0 0 0 0 0 -14.000000 8.000000 -14.000000 8.000000 -14.000000 8.000000 0.0 0 
1.919862
 1 53 53 p_castle_11 _________ 4215838 0 0 3 0 0 0 0 0 -8.000000 82.000000 -8.000000 82.000000 -8.000000 82.000000 0.0 0 
1.308997
 1 54 54 p_castle_12 _________ 4215838 0 0 3 0 0 0 0 0 -44.000000 66.000000 -44.000000 66.000000 -44.000000 66.000000 0.0 0 
1.658063
 1 55 55 p_castle_13 _________ 4215840 0 0 3 0 0 0 0 0 -90.000000 94.000000 -90.000000 94.000000 -90.000000 94.000000 0.0 0 
2.007129
 1 56 56 p_castle_14 _________ 4215838 0 0 3 0 0 0 0 0 12.000000 12.000000 12.000000 12.000000 12.000000 12.000000 0.0 0 
1.570796
 1 57 57 p_castle_15 _________ 4215838 0 0 3 0 0 0 0 0 -86.000000 16.000000 -86.000000 16.000000 -86.000000 16.000000 0.0 0 
4.101524
 1 58 58 p_castle_16 _________ 4215838 0 0 3 0 0 0 0 0 18.000000 52.000000 18.000000 52.000000 18.000000 52.000000 0.0 0 
0.785398
 1 59 59 p_castle_17 _________ 4215838 0 0 3 0 0 0 0 0 -62.000000 -4.000000 -62.000000 -4.000000 -62.000000 -4.000000 0.0 0 
0.261799
 1 60 60 p_castle_18 _________ 4215838 0 0 3 0 0 0 0 0 34.000000 -18.000000 34.000000 -18.000000 34.000000 -18.000000 0.0 0 
5.235988
 1 61 61 p_castle_19 _________ 4215838 0 0 3 0 0 0 0 0 -14.000000 -46.000000 -14.000000 -46.000000 -14.000000 -46.000000 0.0 0 
4.886922
 1 62 62 p_castle_20 _________ 4215838 0 0 3 0 0 0 0 0 42.000000 78.000000 42.000000 78.000000 42.000000 78.000000 0.0 0 
4.537856
 1 63 63 p_castle_21 _________ 4215838 0 0 3 0 0 0 0 0 -108.000000 4.000000 -108.000000 4.000000 -108.000000 4.000000 0.0 0 
4.537856
 1 64 64 p_castle_22 _________ 4215838 0 0 3 0 0 0 0 0 -80.000000 58.000000 -80.000000 58.000000 -80.000000 58.000000 0.0 0 
4.537856
 1 65 65 p_castle_23 _________ 4215841 0 0 3 0 0 0 0 0 168.000000 86.000000 168.000000 86.000000 168.000000 86.000000 0.0 0 
1.396263
 1 66 66 p_castle_24 _________ 4215841 0 0 3 0 0 0 0 0 78.000000 18.000000 78.000000 18.000000 78.000000 18.000000 0.0 0 
4.537856
 1 67 67 p_castle_25 _________ 4215841 0 0 3 0 0 0 0 0 182.000000 34.000000 182.000000 34.000000 182.000000 34.000000 0.0 0 
4.537856
 1 68 68 p_castle_26 _________ 4215841 0 0 3 0 0 0 0 0 112.000000 140.000000 112.000000 140.000000 112.000000 140.000000 0.0 0 
4.537856
 1 69 69 p_castle_27 _________ 4215841 0 0 3 0 0 0 0 0 140.000000 44.000000 140.000000 44.000000 140.000000 44.000000 0.0 0 
4.537856
 1 70 70 p_castle_28 _________ 4215841 0 0 3 0 0 0 0 0 200.000000 118.000000 200.000000 118.000000 200.000000 118.000000 0.0 0 
4.886922
 1 71 71 p_castle_29 _________ 4215841 0 0 3 0 0 0 0 0 164.000000 -4.000000 164.000000 -4.000000 164.000000 -4.000000 0.0 0 
4.537856
 1 72 72 p_castle_30 _________ 4215841 0 0 3 0 0 0 0 0 96.000000 96.000000 96.000000 96.000000 96.000000 96.000000 0.0 0 
4.537856
 1 73 73 p_castle_31 _________ 4215840 0 0 3 0 0 0 0 0 140.000000 268.000000 140.000000 268.000000 140.000000 268.000000 0.0 0 
4.537856
 1 74 74 p_castle_32 _________ 4215840 0 0 3 0 0 0 0 0 129.000000 252.000000 129.000000 252.000000 129.000000 252.000000 0.0 0 
1.396263
 1 75 75 p_castle_33 _________ 4215840 0 0 3 0 0 0 0 0 189.000000 264.000000 189.000000 264.000000 189.000000 264.000000 0.0 0 
4.537856
 1 76 76 p_castle_34 _________ 4215840 0 0 3 0 0 0 0 0 182.000000 249.000000 182.000000 249.000000 182.000000 249.000000 0.0 0 
4.537856
 1 77 77 p_castle_35 _________ 4215841 0 0 3 0 0 0 0 0 200.000000 260.000000 200.000000 260.000000 200.000000 260.000000 0.0 0 
4.537856
 1 78 78 p_castle_36 _________ 4215841 0 0 3 0 0 0 0 0 163.000000 264.000000 163.000000 264.000000 163.000000 264.000000 0.0 0 
4.537856
 1 79 79 p_castle_37 _________ 4215840 0 0 3 0 0 0 0 0 152.000000 249.000000 152.000000 249.000000 152.000000 249.000000 0.0 0 
4.537856
 1 80 80 p_castle_38 _________ 4215840 0 0 3 0 0 0 0 0 193.000000 222.000000 193.000000 222.000000 193.000000 222.000000 0.0 0 
4.537856
 1 81 81 p_castle_39 _________ 4215838 0 0 3 0 0 0 0 0 122.000000 268.000000 122.000000 268.000000 122.000000 268.000000 0.0 0 
4.886922
 1 82 82 p_castle_40 _________ 4215838 0 0 3 0 0 0 0 0 -116.000000 12.000000 -116.000000 12.000000 -116.000000 12.000000 0.0 0 
4.537856
 1 83 83 p_castle_41 _________ 4215838 0 0 3 0 0 0 0 0 -196.000000 112.000000 -196.000000 112.000000 -196.000000 112.000000 0.0 0 
1.396263
 1 84 84 p_castle_42 _________ 4215838 0 0 3 0 0 0 0 0 -150.000000 54.000000 -150.000000 54.000000 -150.000000 54.000000 0.0 0 
4.537856
 1 85 85 p_castle_43 _________ 4215838 0 0 3 0 0 0 0 0 -232.000000 20.000000 -232.000000 20.000000 -232.000000 20.000000 0.0 0 
4.537856
 1 86 86 p_castle_44 _________ 4215838 0 0 3 0 0 0 0 0 -198.000000 38.000000 -198.000000 38.000000 -198.000000 38.000000 0.0 0 
4.537856
 1 87 87 p_castle_45 _________ 4215838 0 0 3 0 0 0 0 0 -94.000000 -30.000000 -94.000000 -30.000000 -94.000000 -30.000000 0.0 0 
4.537856
 1 88 88 p_castle_46 _________ 4215840 0 0 3 0 0 0 0 0 -238.000000 70.000000 -238.000000 70.000000 -238.000000 70.000000 0.0 0 
4.537856
 1 89 89 p_castle_47 _________ 4215838 0 0 3 0 0 0 0 0 -222.000000 -12.000000 -222.000000 -12.000000 -222.000000 -12.000000 0.0 0 
4.537856
 1 90 90 p_castle_48 _________ 4215838 0 0 3 0 0 0 0 0 -190.000000 92.000000 -190.000000 92.000000 -190.000000 92.000000 0.0 0 
4.537856
 1 91 91 p_village_1 _________ 2114584 0 0 3 0 0 0 0 0 82.000000 -126.000000 82.000000 -126.000000 82.000000 -126.000000 0.0 0 
1.919862
 1 92 92 p_village_2 _________ 2114584 0 0 3 0 0 0 0 0 104.000000 -100.000000 104.000000 -100.000000 104.000000 -100.000000 0.0 0 
2.094395
 1 93 93 p_village_3 _________ 2114584 0 0 3 0 0 0 0 0 112.000000 -172.000000 112.000000 -172.000000 112.000000 -172.000000 0.0 0 
2.268928
 1 94 94 p_village_4 _________ 2114584 0 0 3 0 0 0 0 0 148.000000 -136.000000 148.000000 -136.000000 148.000000 -136.000000 0.0 0 
2.443461
 1 95 95 p_village_5 _________ 2114584 0 0 3 0 0 0 0 0 182.000000 -180.000000 182.000000 -180.000000 182.000000 -180.000000 0.0 0 
2.617994
 1 96 96 p_village_6 _________ 2114584 0 0 3 0 0 0 0 0 102.000000 -208.000000 102.000000 -208.000000 102.000000 -208.000000 0.0 0 
2.792527
 1 97 97 p_village_7 _________ 2114584 0 0 3 0 0 0 0 0 220.000000 -120.000000 220.000000 -120.000000 220.000000 -120.000000 0.0 0 
2.967060
 1 98 98 p_village_8 _________ 2114584 0 0 3 0 0 0 0 0 140.000000 -212.000000 140.000000 -212.000000 140.000000 -212.000000 0.0 0 
3.141593
 1 99 99 p_village_9 _________ 2114584 0 0 3 0 0 0 0 0 108.000000 -212.000000 108.000000 -212.000000 108.000000 -212.000000 0.0 0 
1.745329
 1 100 100 p_village_10 _________ 2114584 0 0 3 0 0 0 0 0 215.000000 -205.000000 215.000000 -205.000000 215.000000 -205.000000 0.0 0 
1.919862
 1 101 101 p_village_11 _________ 2114584 0 0 3 0 0 0 0 0 228.000000 -166.000000 228.000000 -166.000000 228.000000 -166.000000 0.0 0 
2.094395
 1 102 102 p_village_12 _________ 2114584 0 0 3 0 0 0 0 0 230.000000 -182.000000 230.000000 -182.000000 230.000000 -182.000000 0.0 0 
2.268928
 1 103 103 p_village_13 _________ 2114584 0 0 3 0 0 0 0 0 228.000000 -130.000000 228.000000 -130.000000 228.000000 -130.000000 0.0 0 
2.443461
 1 104 104 p_village_14 _________ 2114584 0 0 3 0 0 0 0 0 228.000000 -145.000000 228.000000 -145.000000 228.000000 -145.000000 0.0 0 
2.617994
 1 105 105 p_village_15 _________ 2114584 0 0 3 0 0 0 0 0 205.000000 -190.000000 205.000000 -190.000000 205.000000 -190.000000 0.0 0 
2.792527
 1 106 106 p_village_16 _________ 2114584 0 0 3 0 0 0 0 0 150.000000 -212.000000 150.000000 -212.000000 150.000000 -212.000000 0.0 0 
2.967060
 1 107 107 p_village_17 _________ 2114584 0 0 3 0 0 0 0 0 228.000000 -160.000000 228.000000 -160.000000 228.000000 -160.000000 0.0 0 
3.141593
 1 108 108 p_village_18 _________ 2114584 0 0 3 0 0 0 0 0 228.000000 -214.000000 228.000000 -214.000000 228.000000 -214.000000 0.0 0 
1.745329
 1 109 109 p_village_19 _________ 2114575 0 0 3 0 0 0 0 0 -36.000000 18.000000 -36.000000 18.000000 -36.000000 18.000000 0.0 0 
1.919862
 1 110 110 p_village_20 _________ 2114575 0 0 3 0 0 0 0 0 -18.000000 30.000000 -18.000000 30.000000 -18.000000 30.000000 0.0 0 
2.094395
 1 111 111 p_village_21 _________ 2114575 0 0 3 0 0 0 0 0 2.000000 28.000000 2.000000 28.000000 2.000000 28.000000 0.0 0 
2.268928
 1 112 112 p_village_22 _________ 2114575 0 0 3 0 0 0 0 0 -58.000000 42.000000 -58.000000 42.000000 -58.000000 42.000000 0.0 0 
2.443461
 1 113 113 p_village_23 _________ 2114575 0 0 3 0 0 0 0 0 14.000000 4.000000 14.000000 4.000000 14.000000 4.000000 0.0 0 
2.617994
 1 114 114 p_village_24 _________ 2114575 0 0 3 0 0 0 0 0 -26.000000 68.000000 -26.000000 68.000000 -26.000000 68.000000 0.0 0 
2.792527
 1 115 115 p_village_25 _________ 2114575 0 0 3 0 0 0 0 0 -6.000000 96.000000 -6.000000 96.000000 -6.000000 96.000000 0.0 0 
2.967060
 1 116 116 p_village_26 _________ 2114575 0 0 3 0 0 0 0 0 -72.000000 20.000000 -72.000000 20.000000 -72.000000 20.000000 0.0 0 
3.141593
 1 117 117 p_village_27 _________ 2114575 0 0 3 0 0 0 0 0 -44.000000 82.000000 -44.000000 82.000000 -44.000000 82.000000 0.0 0 
1.745329
 1 118 118 p_village_28 _________ 2114575 0 0 3 0 0 0 0 0 16.000000 64.000000 16.000000 64.000000 16.000000 64.000000 0.0 0 
1.919862
 1 119 119 p_village_29 _________ 2114575 0 0 3 0 0 0 0 0 6.000000 -12.000000 6.000000 -12.000000 6.000000 -12.000000 0.0 0 
2.094395
 1 120 120 p_village_30 _________ 2114575 0 0 3 0 0 0 0 0 -34.000000 54.000000 -34.000000 54.000000 -34.000000 54.000000 0.0 0 
2.268928
 1 121 121 p_village_31 _________ 2114575 0 0 3 0 0 0 0 0 -20.000000 -36.000000 -20.000000 -36.000000 -20.000000 -36.000000 0.0 0 
2.443461
 1 122 122 p_village_32 _________ 2114575 0 0 3 0 0 0 0 0 8.000000 -30.000000 8.000000 -30.000000 8.000000 -30.000000 0.0 0 
2.617994
 1 123 123 p_village_33 _________ 2114575 0 0 3 0 0 0 0 0 -50.000000 -18.000000 -50.000000 -18.000000 -50.000000 -18.000000 0.0 0 
2.792527
 1 124 124 p_village_34 _________ 2114575 0 0 3 0 0 0 0 0 -8.000000 -58.000000 -8.000000 -58.000000 -8.000000 -58.000000 0.0 0 
2.967060
 1 125 125 p_village_35 _________ 2114575 0 0 3 0 0 0 0 0 -62.000000 68.000000 -62.000000 68.000000 -62.000000 68.000000 0.0 0 
3.141593
 1 126 126 p_village_36 _________ 2114575 0 0 3 0 0 0 0 0 -78.000000 94.000000 -78.000000 94.000000 -78.000000 94.000000 0.0 0 
1.745329
 1 127 127 p_village_37 _________ 2114575 0 0 3 0 0 0 0 0 22.000000 84.000000 22.000000 84.000000 22.000000 84.000000 0.0 0 
1.919862
 1 128 128 p_village_38 _________ 2114575 0 0 3 0 0 0 0 0 30.000000 22.000000 30.000000 22.000000 30.000000 22.000000 0.0 0 
2.094395
 1 129 129 p_village_39 _________ 2114575 0 0 3 0 0 0 0 0 -100.000000 28.000000 -100.000000 28.000000 -100.000000 28.000000 0.0 0 
2.268928
 1 130 130 p_village_40 _________ 2114575 0 0 3 0 0 0 0 0 -82.000000 -8.000000 -82.000000 -8.000000 -82.000000 -8.000000 0.0 0 
2.443461
 1 131 131 p_village_41 _________ 2114575 0 0 3 0 0 0 0 0 -102.000000 62.000000 -102.000000 62.000000 -102.000000 62.000000 0.0 0 
2.617994
 1 132 132 p_village_42 _________ 2114575 0 0 3 0 0 0 0 0 -116.000000 6.000000 -116.000000 6.000000 -116.000000 6.000000 0.0 0 
2.792527
 1 133 133 p_village_43 _________ 2114575 0 0 3 0 0 0 0 0 -70.000000 -36.000000 -70.000000 -36.000000 -70.000000 -36.000000 0.0 0 
2.967060
 1 134 134 p_village_44 _________ 2114575 0 0 3 0 0 0 0 0 18.000000 -62.000000 18.000000 -62.000000 18.000000 -62.000000 0.0 0 
3.141593
 1 135 135 p_village_45 _________ 2114575 0 0 3 0 0 0 0 0 42.000000 -14.000000 42.000000 -14.000000 42.000000 -14.000000 0.0 0 
1.745329
 1 136 136 p_village_46 _________ 2114575 0 0 3 0 0 0 0 0 50.000000 18.000000 50.000000 18.000000 50.000000 18.000000 0.0 0 
1.919862
 1 137 137 p_village_47 _________ 2114575 0 0 3 0 0 0 0 0 36.000000 58.000000 36.000000 58.000000 36.000000 58.000000 0.0 0 
2.094395
 1 138 138 p_village_48 _________ 2114575 0 0 3 0 0 0 0 0 -36.000000 110.000000 -36.000000 110.000000 -36.000000 110.000000 0.0 0 
2.268928
 1 139 139 p_village_49 _________ 2114575 0 0 3 0 0 0 0 0 -6.000000 112.000000 -6.000000 112.000000 -6.000000 112.000000 0.0 0 
2.443461
 1 140 140 p_village_50 _________ 2114575 0 0 3 0 0 0 0 0 14.000000 116.000000 14.000000 116.000000 14.000000 116.000000 0.0 0 
2.617994
 1 141 141 p_village_51 _________ 2114575 0 0 3 0 0 0 0 0 -98.000000 -26.000000 -98.000000 -26.000000 -98.000000 -26.000000 0.0 0 
2.792527
 1 142 142 p_village_52 _________ 2114575 0 0 3 0 0 0 0 0 -122.000000 40.000000 -122.000000 40.000000 -122.000000 40.000000 0.0 0 
2.967060
 1 143 143 p_village_53 _________ 2114577 0 0 3 0 0 0 0 0 126.000000 68.000000 126.000000 68.000000 126.000000 68.000000 0.0 0 
3.141593
 1 144 144 p_village_54 _________ 2114577 0 0 3 0 0 0 0 0 150.000000 96.000000 150.000000 96.000000 150.000000 96.000000 0.0 0 
1.745329
 1 145 145 p_village_55 _________ 2114577 0 0 3 0 0 0 0 0 118.000000 32.000000 118.000000 32.000000 118.000000 32.000000 0.0 0 
1.919862
 1 146 146 p_village_56 _________ 2114577 0 0 3 0 0 0 0 0 92.000000 52.000000 92.000000 52.000000 92.000000 52.000000 0.0 0 
2.094395
 1 147 147 p_village_57 _________ 2114577 0 0 3 0 0 0 0 0 178.000000 42.000000 178.000000 42.000000 178.000000 42.000000 0.0 0 
2.268928
 1 148 148 p_village_58 _________ 2114577 0 0 3 0 0 0 0 0 118.000000 108.000000 118.000000 108.000000 118.000000 108.000000 0.0 0 
2.443461
 1 149 149 p_village_59 _________ 2114577 0 0 3 0 0 0 0 0 144.000000 18.000000 144.000000 18.000000 144.000000 18.000000 0.0 0 
2.617994
 1 150 150 p_village_60 _________ 2114577 0 0 3 0 0 0 0 0 96.000000 128.000000 96.000000 128.000000 96.000000 128.000000 0.0 0 
2.792527
 1 151 151 p_village_61 _________ 2114577 0 0 3 0 0 0 0 0 176.000000 78.000000 176.000000 78.000000 176.000000 78.000000 0.0 0 
2.967060
 1 152 152 p_village_62 _________ 2114577 0 0 3 0 0 0 0 0 198.000000 106.000000 198.000000 106.000000 198.000000 106.000000 0.0 0 
3.141593
 1 153 153 p_village_63 _________ 2114577 0 0 3 0 0 0 0 0 160.000000 132.000000 160.000000 132.000000 160.000000 132.000000 0.0 0 
1.745329
 1 154 154 p_village_64 _________ 2114577 0 0 3 0 0 0 0 0 210.000000 60.000000 210.000000 60.000000 210.000000 60.000000 0.0 0 
1.919862
 1 155 155 p_village_65 _________ 2114577 0 0 3 0 0 0 0 0 138.000000 148.000000 138.000000 148.000000 138.000000 148.000000 0.0 0 
2.094395
 1 156 156 p_village_66 _________ 2114577 0 0 3 0 0 0 0 0 190.000000 138.000000 190.000000 138.000000 190.000000 138.000000 0.0 0 
2.268928
 1 157 157 p_village_67 _________ 2114577 0 0 3 0 0 0 0 0 80.000000 22.000000 80.000000 22.000000 80.000000 22.000000 0.0 0 
2.443461
 1 158 158 p_village_68 _________ 2114577 0 0 3 0 0 0 0 0 222.000000 94.000000 222.000000 94.000000 222.000000 94.000000 0.0 0 
2.617994
 1 159 159 p_village_69 _________ 2114577 0 0 3 0 0 0 0 0 184.000000 14.000000 184.000000 14.000000 184.000000 14.000000 0.0 0 
2.792527
 1 160 160 p_village_70 _________ 2114577 0 0 3 0 0 0 0 0 108.000000 156.000000 108.000000 156.000000 108.000000 156.000000 0.0 0 
2.967060
 1 161 161 p_village_71 _________ 2114575 0 0 3 0 0 0 0 0 111.000000 211.000000 111.000000 211.000000 111.000000 211.000000 0.0 0 
3.141593
 1 162 162 p_village_72 _________ 2114575 0 0 3 0 0 0 0 0 133.000000 211.000000 133.000000 211.000000 133.000000 211.000000 0.0 0 
1.745329
 1 163 163 p_village_73 _________ 2114575 0 0 3 0 0 0 0 0 156.000000 211.000000 156.000000 211.000000 156.000000 211.000000 0.0 0 
1.919862
 1 164 164 p_village_74 _________ 2114575 0 0 3 0 0 0 0 0 178.000000 211.000000 178.000000 211.000000 178.000000 211.000000 0.0 0 
2.094395
 1 165 165 p_village_75 _________ 2114575 0 0 3 0 0 0 0 0 111.000000 230.000000 111.000000 230.000000 111.000000 230.000000 0.0 0 
2.268928
 1 166 166 p_village_76 _________ 2114575 0 0 3 0 0 0 0 0 133.000000 234.000000 133.000000 234.000000 133.000000 234.000000 0.0 0 
2.443461
 1 167 167 p_village_77 _________ 2114575 0 0 3 0 0 0 0 0 156.000000 234.000000 156.000000 234.000000 156.000000 234.000000 0.0 0 
2.617994
 1 168 168 p_village_78 _________ 2114575 0 0 3 0 0 0 0 0 178.000000 234.000000 178.000000 234.000000 178.000000 234.000000 0.0 0 
2.792527
 1 169 169 p_village_79 _________ 2114575 0 0 3 0 0 0 0 0 107.000000 252.000000 107.000000 252.000000 107.000000 252.000000 0.0 0 
2.967060
 1 170 170 p_village_80 _________ 2114575 0 0 3 0 0 0 0 0 129.000000 256.000000 129.000000 256.000000 129.000000 256.000000 0.0 0 
3.141593
 1 171 171 p_village_81 _________ 2114575 0 0 3 0 0 0 0 0 152.000000 260.000000 152.000000 260.000000 152.000000 260.000000 0.0 0 
1.745329
 1 172 172 p_village_82 _________ 2114575 0 0 3 0 0 0 0 0 174.000000 260.000000 174.000000 260.000000 174.000000 260.000000 0.0 0 
1.919862
 1 173 173 p_village_83 _________ 2114575 0 0 3 0 0 0 0 0 197.000000 264.000000 197.000000 264.000000 197.000000 264.000000 0.0 0 
2.094395
 1 174 174 p_village_84 _________ 2114575 0 0 3 0 0 0 0 0 111.000000 264.000000 111.000000 264.000000 111.000000 264.000000 0.0 0 
2.268928
 1 175 175 p_village_85 _________ 2114575 0 0 3 0 0 0 0 0 133.000000 268.000000 133.000000 268.000000 133.000000 268.000000 0.0 0 
2.443461
 1 176 176 p_village_86 _________ 2114575 0 0 3 0 0 0 0 0 156.000000 268.000000 156.000000 268.000000 156.000000 268.000000 0.0 0 
2.617994
 1 177 177 p_village_87 _________ 2114575 0 0 3 0 0 0 0 0 178.000000 268.000000 178.000000 268.000000 178.000000 268.000000 0.0 0 
2.792527
 1 178 178 p_village_88 _________ 2114575 0 0 3 0 0 0 0 0 107.000000 222.000000 107.000000 222.000000 107.000000 222.000000 0.0 0 
2.967060
 1 179 179 p_village_89 _________ 2114575 0 0 3 0 0 0 0 0 122.000000 264.000000 122.000000 264.000000 122.000000 264.000000 0.0 0 
3.141593
 1 180 180 p_village_90 _________ 2114575 0 0 3 0 0 0 0 0 193.000000 268.000000 193.000000 268.000000 193.000000 268.000000 0.0 0 
1.745329
 1 181 181 p_village_91 _________ 2114575 0 0 3 0 0 0 0 0 200.000000 268.000000 200.000000 268.000000 200.000000 268.000000 0.0 0 
1.919862
 1 182 182 p_village_92 _________ 2114575 0 0 3 0 0 0 0 0 133.000000 263.000000 133.000000 263.000000 133.000000 263.000000 0.0 0 
2.094395
 1 183 183 p_village_93 _________ 2114575 0 0 3 0 0 0 0 0 -136.000000 36.000000 -136.000000 36.000000 -136.000000 36.000000 0.0 0 
2.268928
 1 184 184 p_village_94 _________ 2114575 0 0 3 0 0 0 0 0 -126.000000 52.000000 -126.000000 52.000000 -126.000000 52.000000 0.0 0 
2.443461
 1 185 185 p_village_95 _________ 2114575 0 0 3 0 0 0 0 0 -134.000000 60.000000 -134.000000 60.000000 -134.000000 60.000000 0.0 0 
2.617994
 1 186 186 p_village_96 _________ 2114575 0 0 3 0 0 0 0 0 -88.000000 -8.000000 -88.000000 -8.000000 -88.000000 -8.000000 0.0 0 
2.792527
 1 187 187 p_village_97 _________ 2114575 0 0 3 0 0 0 0 0 -104.000000 -42.000000 -104.000000 -42.000000 -104.000000 -42.000000 0.0 0 
2.967060
 1 188 188 p_village_98 _________ 2114575 0 0 3 0 0 0 0 0 -138.000000 8.000000 -138.000000 8.000000 -138.000000 8.000000 0.0 0 
3.141593
 1 189 189 p_village_99 _________ 2114575 0 0 3 0 0 0 0 0 -174.000000 40.000000 -174.000000 40.000000 -174.000000 40.000000 0.0 0 
1.745329
 1 190 190 p_village_100 _________ 2114575 0 0 3 0 0 0 0 0 -196.000000 20.000000 -196.000000 20.000000 -196.000000 20.000000 0.0 0 
1.919862
 1 191 191 p_village_101 _________ 2114575 0 0 3 0 0 0 0 0 -210.000000 116.000000 -210.000000 116.000000 -210.000000 116.000000 0.0 0 
2.094395
 1 192 192 p_village_102 _________ 2114575 0 0 3 0 0 0 0 0 -182.000000 96.000000 -182.000000 96.000000 -182.000000 96.000000 0.0 0 
2.268928
 1 193 193 p_village_103 _________ 2114575 0 0 3 0 0 0 0 0 -230.000000 90.000000 -230.000000 90.000000 -230.000000 90.000000 0.0 0 
2.443461
 1 194 194 p_village_104 _________ 2114575 0 0 3 0 0 0 0 0 -148.000000 -30.000000 -148.000000 -30.000000 -148.000000 -30.000000 0.0 0 
2.617994
 1 195 195 p_village_105 _________ 2114575 0 0 3 0 0 0 0 0 -210.000000 -10.000000 -210.000000 -10.000000 -210.000000 -10.000000 0.0 0 
2.792527
 1 196 196 p_village_106 _________ 2114575 0 0 3 0 0 0 0 0 -230.000000 60.000000 -230.000000 60.000000 -230.000000 60.000000 0.0 0 
2.967060
 1 197 197 p_village_107 _________ 2114575 0 0 3 0 0 0 0 0 -244.000000 64.000000 -244.000000 64.000000 -244.000000 64.000000 0.0 0 
3.141593
 1 198 198 p_village_108 _________ 2114575 0 0 3 0 0 0 0 0 -222.000000 -2.000000 -222.000000 -2.000000 -222.000000 -2.000000 0.0 0 
1.745329
 1 199 199 p_village_109 _________ 2114575 0 0 3 0 0 0 0 0 -188.000000 64.000000 -188.000000 64.000000 -188.000000 64.000000 0.0 0 
1.919862
 1 200 200 p_village_110 _________ 2114575 0 0 3 0 0 0 0 0 -164.000000 114.000000 -164.000000 114.000000 -164.000000 114.000000 0.0 0 
2.094395
 1 201 201 p_salt_mine Salt_Mine 2114831 0 0 3 0 0 0 0 0 14.200000 -31.000000 14.200000 -31.000000 14.200000 -31.000000 0.0 0 
0.000000
 1 202 202 p_four_ways_inn Four_Ways_Inn 2114831 0 0 3 0 0 0 0 0 4.800000 -39.600000 4.800000 -39.600000 4.800000 -39.600000 0.0 0 
0.000000
 1 203 203 p_test_scene test_scene 2114831 0 0 3 0 0 0 0 0 10.800000 -19.600000 10.800000 -19.600000 10.800000 -19.600000 0.0 0 
0.000000
 1 204 204 p_battlefields battlefields 2114831 0 0 3 0 0 0 0 0 10.800000 -16.600000 10.800000 -16.600000 10.800000 -16.600000 0.0 0 
0.000000
 1 205 205 p_dhorak_keep Dhorak_Keep 2639116 0 0 3 0 0 0 0 0 -50.000000 -58.000000 -50.000000 -58.000000 -50.000000 -58.000000 0.0 0 
0.000000
 1 206 206 p_training_ground Training_Ground 2114855 0 0 3 0 0 0 0 0 3.000000 -7.000000 3.000000 -7.000000 3.000000 -7.000000 0.0 0 
0.000000
 1 207 207 p_training_ground_1 _______________ 2118695 0 0 3 0 0 0 0 0 120.000000 -160.000000 120.000000 -160.000000 120.000000 -160.000000 0.0 0 
1.745329
 1 208 208 p_training_ground_2 _______________ 2118695 0 0 3 0 0 0 0 0 -20.000000 26.000000 -20.000000 26.000000 -20.000000 26.000000 0.0 0 
1.745329
 1 209 209 p_training_ground_3 _______________ 2118695 0 0 3 0 0 0 0 0 -126.000000 34.000000 -126.000000 34.000000 -126.000000 34.000000 0.0 0 
1.745329
 1 210 210 p_training_ground_4 _______________ 2118695 0 0 3 0 0 0 0 0 163.000000 230.000000 163.000000 230.000000 163.000000 230.000000 0.0 0 
1.745329
 1 211 211 p_training_ground_5 _______________ 2118695 0 0 3 0 0 0 0 0 132.000000 88.000000 132.000000 88.000000 132.000000 88.000000 0.0 0 
1.745329
 1 212 212 p_bridge_1 {!}1 541738 0 0 3 0 0 0 0 0 39.370000 65.100000 39.370000 65.100000 39.370000 65.100000 0.0 0 
-0.781907
 1 213 213 p_bridge_2 {!}2 541738 0 0 3 0 0 0 0 0 56.440000 77.880000 56.440000 77.880000 56.440000 77.880000 0.0 0 
0.074700
 1 214 214 p_bridge_3 {!}3 541738 0 0 3 0 0 0 0 0 70.870000 87.950000 70.870000 87.950000 70.870000 87.950000 0.0 0 
1.125737
 1 215 215 p_bridge_4 {!}4 541738 0 0 3 0 0 0 0 0 93.710000 62.130000 93.710000 62.130000 93.710000 62.130000 0.0 0 
-0.037176
 1 216 216 p_bridge_5 {!}5 541738 0 0 3 0 0 0 0 0 11.020000 72.610000 11.020000 72.610000 11.020000 72.610000 0.0 0 
0.375246
 1 217 217 p_bridge_6 {!}6 541737 0 0 3 0 0 0 0 0 -8.830000 52.240000 -8.830000 52.240000 -8.830000 52.240000 0.0 0 
-1.282817
 1 218 218 p_bridge_7 {!}7 541737 0 0 3 0 0 0 0 0 -29.790000 76.840000 -29.790000 76.840000 -29.790000 76.840000 0.0 0 
-1.117011
 1 219 219 p_bridge_8 {!}8 541737 0 0 3 0 0 0 0 0 -64.050000 -6.000000 -64.050000 -6.000000 -64.050000 -6.000000 0.0 0 
0.030020
 1 220 220 p_bridge_9 {!}9 541737 0 0 3 0 0 0 0 0 -64.950000 -9.600000 -64.950000 -9.600000 -64.950000 -9.600000 0.0 0 
-0.589223
 1 221 221 p_bridge_10 {!}10 541737 0 0 3 0 0 0 0 0 -75.320000 -75.270000 -75.320000 -75.270000 -75.320000 -75.270000 0.0 0 
-0.769167
 1 222 222 p_bridge_11 {!}11 541736 0 0 3 0 0 0 0 0 -24.390000 67.820000 -24.390000 67.820000 -24.390000 67.820000 0.0 0 
1.418953
 1 223 223 p_bridge_12 {!}12 541736 0 0 3 0 0 0 0 0 -114.330000 -1.940000 -114.330000 -1.940000 -114.330000 -1.940000 0.0 0 
-0.619592
 1 224 224 p_bridge_13 {!}13 541736 0 0 3 0 0 0 0 0 -84.020000 -7.000000 -84.020000 -7.000000 -84.020000 -7.000000 0.0 0 
-0.308923
 1 225 225 p_bridge_14 {!}14 541736 0 0 3 0 0 0 0 0 -23.360000 75.800000 -23.360000 75.800000 -23.360000 75.800000 0.0 0 
1.162389
 1 226 226 p_looter_spawn_point _____________________ 1280 0 0 2 0 0 0 0 0 -10.000000 16.000000 -10.000000 16.000000 -10.000000 16.000000 0.0 1 113 15 0 0 
0.000000
 1 227 227 p_steppe_bandit_spawn_point _____________________ 1280 0 0 2 0 0 0 0 0 172.000000 70.000000 172.000000 70.000000 172.000000 70.000000 0.0 1 113 15 0 0 
0.000000
 1 228 228 p_taiga_bandit_spawn_point _____________________ 1280 0 0 2 0 0 0 0 0 210.000000 -210.000000 210.000000 -210.000000 210.000000 -210.000000 0.0 1 113 15 0 0 
0.000000
 1 229 229 p_forest_bandit_spawn_point _____________________ 1280 0 0 2 0 0 0 0 0 -64.000000 54.000000 -64.000000 54.000000 -64.000000 54.000000 0.0 1 113 15 0 0 
0.000000
 1 230 230 p_mountain_bandit_spawn_point _____________________ 1280 0 0 2 0 0 0 0 0 120.000000 -112.000000 120.000000 -112.000000 120.000000 -112.000000 0.0 1 113 15 0 0 
0.000000
 1 231 231 p_sea_raider_spawn_point_1 _____________________ 1280 0 0 2 0 0 0 0 0 -176.000000 79.000000 -176.000000 79.000000 -176.000000 79.000000 0.0 1 113 15 0 0 
0.000000
 1 232 232 p_sea_raider_spawn_point_2 _____________________ 1280 0 0 2 0 0 0 0 0 -232.000000 68.000000 -232.000000 68.000000 -232.000000 68.000000 0.0 1 113 15 0 0 
0.000000
 1 233 233 p_desert_bandit_spawn_point _____________________ 1280 0 0 2 0 0 0 0 0 200.000000 264.000000 200.000000 264.000000 200.000000 264.000000 0.0 1 113 15 0 0 
0.000000
 1 234 234 p_spawn_points_end {!}last_spawn_point 1280 0 0 1 0 0 0 0 0 0.000000 0.000000 0.000000 0.000000 0.000000 0.000000 0.0 1 113 15 0 0 
0.000000
 1 235 235 p_reserved_1 {!}last_spawn_point 1280 0 0 1 0 0 0 0 0 0.000000 0.000000 0.000000 0.000000 0.000000 0.000000 0.0 1 113 15 0 0 
0.000000
 1 236 236 p_reserved_2 {!}last_spawn_point 1280 0 0 1 0 0 0 0 0 0.000000 0.000000 0.000000 0.000000 0.000000 0.000000 0.0 1 113 15 0 0 
0.000000
 1 237 237 p_reserved_3 {!}last_spawn_point 1280 0 0 1 0 0 0 0 0 0.000000 0.000000 0.000000 0.000000 0.000000 0.000000 0.0 1 113 15 0 0 
0.000000
 1 238 238 p_reserved_4 {!}last_spawn_point 1280 0 0 1 0 0 0 0 0 0.000000 0.000000 0.000000 0.000000 0.000000 0.000000 0.0 1 113 15 0 0 
0.000000
 1 239 239 p_reserved_5 {!}last_spawn_point 1280 0 0 1 0 0 0 0 0 0.000000 0.000000 0.000000 0.000000 0.000000 0.000000 0.0 1 113 15 0 0 
0.000000
